0009660.jpg,1207.7089,224.39069,1245.9435,258.95053,75,0.99377465
0009660.jpg,1209.7098,199.86581,1247.113,233.52333,70,0.9228742
0009660.jpg,1209.6174,200.0259,1246.7761,233.93497,75,0.83061564
0009660.jpg,1207.0948,235.4626,1243.7831,268.768,75,0.25294292
0009660.jpg,1209.9976,199.06863,1246.7902,233.53207,56,0.19308314
0002969.jpg,553.2244,485.4297,607.4009,534.29004,110,0.84774715
0002969.jpg,552.9543,485.65826,607.3568,534.4573,27,0.11024804
0012428.jpg,1119.5743,15.686681,1218.9669,110.50511,75,0.9233745
0012428.jpg,1120.9402,15.935634,1219.0597,110.78891,70,0.5409437
0012428.jpg,1119.8043,16.2707,1218.5869,110.22366,80,0.184025
0000188.jpg,75.74481,172.43353,109.22989,203.23058,62,0.5489079
0000188.jpg,75.050804,172.13591,108.6429,203.51491,53,0.43633124
0000188.jpg,75.050804,172.13591,108.6429,203.51491,56,0.21672025
0000188.jpg,75.50152,172.14728,108.834785,203.29185,71,0.1473497
0013268.jpg,152.91185,387.07587,190.88077,433.17987,109,0.117771134
0003203.jpg,552.96796,485.75867,606.8208,534.076,110,0.8255134
0003203.jpg,552.8593,485.95038,606.8449,534.3016,27,0.18370076
0002443.jpg,391.75748,407.5502,425.0083,437.51093,16,0.18764807
0010644.jpg,1021.0093,204.38087,1054.9375,237.16791,78,0.99733776
0010644.jpg,1021.23083,204.35057,1054.8845,237.20796,96,0.49551973
0003662.jpg,636.009,476.57785,688.1556,524.0884,110,0.99496967
0003114.jpg,553.23834,485.7794,607.1747,534.10986,110,0.8887325
0003114.jpg,553.0651,485.99423,607.1897,534.33844,27,0.10508662
0002492.jpg,607.9742,442.23663,653.46045,482.99957,110,0.13657865
0003575.jpg,635.95575,476.43048,688.38745,524.23224,110,0.99918085
0003030.jpg,552.89453,485.6584,607.02563,534.5298,110,0.8690646
0003030.jpg,552.7911,485.35437,607.2815,534.52924,27,0.12579647
0003797.jpg,636.61774,476.75113,688.9055,524.2387,110,0.9993691
0003797.jpg,636.17773,476.59033,688.96027,524.47656,27,0.31495056
0002670.jpg,607.3401,433.72867,647.2222,470.624,27,0.98178375
0002670.jpg,607.37396,433.80576,647.23987,470.56628,110,0.105155826
0010477.jpg,412.96564,108.31524,450.8776,147.84067,1,0.9945662
0010477.jpg,412.8592,108.45473,450.65347,147.84436,22,0.21778612
0003823.jpg,637.04535,476.81168,689.3221,524.4188,110,0.998629
0003823.jpg,636.5841,476.6666,689.2725,524.598,27,0.34751874
0003823.jpg,637.8621,475.74194,688.59924,523.43774,40,0.11893053
0003451.jpg,786.6502,15.836839,811.9802,42.67854,62,0.98710966
0013675.jpg,167.5142,289.44748,204.11908,324.88983,64,0.24103084
0009979.jpg,491.72415,155.68327,521.2067,182.80438,78,0.6227983
0000232.jpg,165.81168,172.74622,196.57693,202.91304,53,0.4732125
0000232.jpg,165.81168,172.74622,196.57693,202.91304,50,0.17461763
0000232.jpg,165.73567,172.88957,196.65862,202.79471,52,0.15142553
0000232.jpg,165.55998,172.86641,196.80418,202.8501,71,0.10472127
0003480.jpg,588.46606,446.0494,632.5594,487.9442,27,0.44313583
0003480.jpg,588.5359,445.9401,632.3604,487.82507,110,0.2934288
0002915.jpg,552.9583,485.54736,606.99133,534.2614,110,0.7584339
0002915.jpg,552.9809,485.8225,607.0118,534.3744,27,0.17216234
0002567.jpg,516.15405,518.0751,579.2007,577.6672,110,0.28530034
0003746.jpg,636.8076,476.32056,689.1139,523.8655,110,0.99935395
0003746.jpg,636.3626,476.20297,689.14966,524.0948,27,0.14991713
0003746.jpg,637.71735,475.2336,688.1107,523.12335,40,0.105465606
0010638.jpg,944.5081,221.30151,971.0721,246.68283,96,0.8035025
0005846.jpg,541.40454,154.97125,579.7524,191.79399,40,0.99995255
0008672.jpg,645.38947,261.99384,703.2329,304.7667,53,0.14128715
0003168.jpg,553.005,485.99643,606.8526,534.39716,110,0.886693
0006191.jpg,195.04274,81.90841,235.76917,121.57971,62,0.9990087
0006191.jpg,873.34,48.800556,916.4837,93.26822,62,0.9951337
0006191.jpg,873.59735,49.096336,916.5341,93.48041,64,0.9293391
0010288.jpg,1037.1079,137.48427,1079.2987,175.26326,80,0.9990089
0010288.jpg,1037.0298,137.35039,1079.2789,175.18735,83,0.6650208
0002728.jpg,492.1837,552.82983,561.88074,622.01404,14,0.10135383
0007076.jpg,683.09094,117.11747,713.5938,146.50502,83,0.99785537
0007076.jpg,465.33316,123.90248,494.69604,155.14914,84,0.9825203
0007076.jpg,793.4373,107.99879,823.6371,138.80215,83,0.9258009
0007076.jpg,572.8786,120.08021,603.59656,151.12851,84,0.8769269
0007076.jpg,572.9994,120.14874,603.5369,151.18037,85,0.12717494
0007076.jpg,567.982,86.41157,594.2312,113.729065,3,0.10120919
0005897.jpg,175.17621,0.0,265.63284,79.45322,40,0.9925224
0005897.jpg,547.19403,222.62103,568.2117,279.15366,105,0.3444269
0005897.jpg,169.12871,0.0,268.69644,73.41837,105,0.123401925
0005897.jpg,174.66104,0.0,266.44275,80.69774,116,0.12311736
0003509.jpg,636.47095,477.1633,688.1725,524.0177,110,0.99266726
0003509.jpg,635.98303,476.97763,688.2467,524.1881,27,0.5220081
0010470.jpg,511.4678,153.30693,539.26733,182.18256,1,0.7030275
0002677.jpg,580.49945,461.77655,627.39874,504.99176,110,0.80098313
0003790.jpg,636.6018,476.41656,689.0215,524.04034,110,0.9972179
0003790.jpg,636.1454,476.24115,688.97375,524.2157,27,0.19482811
0003790.jpg,637.4962,475.3109,688.0188,523.18134,40,0.11143735
0003037.jpg,553.3595,486.28912,607.28076,534.7958,110,0.9459926
0003037.jpg,553.18866,486.1863,607.30273,534.65826,27,0.13372816
0003456.jpg,787.60864,13.291065,812.5786,40.76221,62,0.9877676
0003824.jpg,637.0059,476.7504,689.2849,524.4469,110,0.9987392
0003824.jpg,636.5166,476.59314,689.2238,524.64044,27,0.56603265
0003824.jpg,637.9253,475.88492,688.44543,523.432,40,0.13338815
0000235.jpg,202.71942,169.13197,233.7985,199.05994,62,0.20790695
0000235.jpg,202.66632,169.06125,233.74359,199.0821,52,0.13744949
0005919.jpg,523.0973,225.91693,545.1813,282.33932,105,0.40649587
0002560.jpg,515.8267,517.7948,578.84204,577.077,110,0.35312924
0002912.jpg,553.26074,485.42892,607.3021,534.4109,110,0.8072833
0002912.jpg,553.0147,485.6304,607.2865,534.604,27,0.13996369
0003487.jpg,591.36426,462.18668,638.3026,505.59283,110,0.9987638
0013213.jpg,97.614586,403.35815,145.548,458.9392,64,0.122962154
0012821.jpg,1069.3997,290.213,1097.3602,316.6015,16,0.42752534
0003741.jpg,636.7098,476.7968,688.99536,524.1337,110,0.99960667
0003741.jpg,637.81836,476.23013,688.0978,523.1749,27,0.211279
0005841.jpg,567.9647,154.06493,604.0375,186.0895,40,0.9984212
0003619.jpg,636.3935,476.83963,688.4085,523.93677,110,0.99703825
0007071.jpg,689.51074,158.23795,715.00214,183.39108,83,0.13212991
0006196.jpg,0.0,12.6901865,44.135643,69.792625,64,0.3385695
0006196.jpg,0.0,12.048294,43.15958,72.20874,28,0.24042745
0005890.jpg,204.26704,8.177202,290.22314,87.46043,40,0.996956
0006250.jpg,775.2354,22.76794,809.33344,59.085327,62,0.99996555
0009667.jpg,1197.9263,219.81001,1244.7288,262.51645,75,0.99079096
0009667.jpg,1202.4135,172.36433,1249.0939,215.22345,75,0.87377256
0009667.jpg,1200.6143,191.41957,1247.5597,234.62756,75,0.8097863
0009667.jpg,1201.3119,172.90714,1249.381,216.76303,80,0.48296753
0009667.jpg,1201.4337,173.2094,1249.453,216.31914,76,0.26575145
0009667.jpg,1200.9838,173.2111,1249.4451,216.7534,69,0.16410646
0009667.jpg,1197.8403,219.76303,1244.411,262.45062,72,0.13775723
0009667.jpg,1201.9786,173.18867,1249.0922,217.21033,95,0.1085937
0003858.jpg,670.1839,447.9647,715.84985,488.42892,110,0.16880226
0003858.jpg,669.4425,447.86313,715.59656,488.46655,55,0.15258387
0000249.jpg,386.90076,151.09422,417.8792,181.26573,28,0.9789291
0000249.jpg,35.752636,155.93811,67.01225,184.09125,5,0.38757563
0000249.jpg,36.0093,155.15842,66.72154,183.93715,28,0.15902275
0008751.jpg,277.19617,82.086876,304.16287,110.803986,75,0.8183715
0012388.jpg,833.3628,184.06133,865.31476,216.76419,75,0.15492584
0009428.jpg,1129.7042,187.0436,1180.8323,233.56047,96,0.9999869
0010643.jpg,1006.8103,204.60739,1039.037,236.04987,78,0.99962234
0010643.jpg,1006.7613,204.7409,1038.9406,236.00189,96,0.13756883
0003204.jpg,553.102,485.77576,607.1473,534.1257,110,0.8590277
0003204.jpg,552.9689,485.9529,607.1493,534.35736,27,0.18673538
0005789.jpg,102.12978,307.42303,133.8753,337.30847,16,0.9410013
0000770.jpg,42.345467,264.54065,118.846924,355.85757,1,0.62431926
0000770.jpg,0.0,115.67185,126.2433,226.55103,60,0.4318281
0003665.jpg,635.98456,476.5883,688.39154,524.15094,110,0.99708647
0003113.jpg,552.9055,485.91177,607.14575,534.6031,110,0.8872969
0003113.jpg,552.9806,486.1805,607.152,534.7402,27,0.1277348
0003572.jpg,636.2701,476.823,688.1152,524.1044,110,0.9986393
0003572.jpg,635.61426,476.66425,688.4102,524.11847,27,0.1323818
0002495.jpg,598.01166,448.3015,645.11487,491.09766,110,0.1640386
0003039.jpg,553.50433,485.76706,607.08185,534.1174,110,0.8896609
0003039.jpg,553.1816,485.90192,607.0866,534.0777,27,0.17935583
0002679.jpg,567.4043,472.09976,619.7169,521.3061,110,0.970181
0002679.jpg,567.4118,472.1958,619.7154,521.533,27,0.29455462
0003458.jpg,785.7334,11.224286,811.38043,38.105946,62,0.9325557
0003489.jpg,597.34326,465.32587,646.1471,511.21555,110,0.9894853
0013724.jpg,170.08464,289.37717,207.25294,324.78638,64,0.10032015
0012164.jpg,1130.6926,32.564514,1201.7128,97.34946,78,0.79147124
0012164.jpg,1130.6926,32.564514,1201.7128,97.34946,96,0.6822367
0006528.jpg,1175.863,289.10825,1214.1139,341.8087,78,0.91612536
0006528.jpg,1176.6904,289.37418,1213.9976,342.56528,87,0.37987196
0006528.jpg,1176.0953,287.01,1213.98,341.69418,113,0.22936444
0002844.jpg,565.8935,469.5114,615.59534,514.86804,110,0.9687019
0002844.jpg,565.8462,469.61453,615.50635,514.848,27,0.8823701
0000702.jpg,539.55023,132.78325,567.7599,162.77815,83,0.41581976
0000702.jpg,749.81714,263.14508,777.5726,297.2372,75,0.11006788
0003617.jpg,636.1417,476.49576,688.2054,523.7769,110,0.9989267
0003617.jpg,635.52686,476.3282,688.50055,523.8252,27,0.19921985
0003161.jpg,552.98065,485.61542,607.07135,534.2187,110,0.92886966
0003161.jpg,552.8315,485.84076,607.0924,534.42896,27,0.13246484
0002721.jpg,492.07922,552.36816,562.0679,622.8183,55,0.16749197
0002721.jpg,491.74454,552.62616,562.4626,622.4608,14,0.10048569
0010281.jpg,934.7392,180.93437,963.7821,208.0576,83,0.3941092
0010281.jpg,934.7392,180.93437,963.7821,208.0576,72,0.29910955
0001193.jpg,1041.3702,20.38796,1071.561,64.231255,103,0.99948007
0001193.jpg,1110.3854,146.03488,1135.2368,174.86803,22,0.6017306
0001193.jpg,1016.6047,31.369087,1042.2218,73.15046,60,0.4191906
0002895.jpg,552.92285,485.66284,607.041,534.4196,110,0.8547548
0002895.jpg,552.9598,485.9302,607.008,534.5766,27,0.19032882
0003500.jpg,625.83734,470.71875,677.35614,518.12805,110,0.9986518
0003045.jpg,553.4032,485.64185,607.0882,534.2159,110,0.9120363
0003045.jpg,553.22986,485.8971,607.0898,534.3934,27,0.13819037
0002605.jpg,515.5158,517.76874,579.1632,577.47424,110,0.15234569
0009669.jpg,1214.2046,159.44067,1266.0107,206.79604,75,0.9937674
0009669.jpg,1206.7001,210.93895,1259.137,258.4182,75,0.99147934
0009669.jpg,1214.0203,158.62567,1266.3998,206.43817,80,0.89176756
0009669.jpg,1214.4963,159.22595,1265.7606,206.59953,95,0.36022568
0009669.jpg,1207.0231,210.62349,1259.219,258.36496,81,0.11624856
0003424.jpg,672.78516,460.92108,720.3838,505.11984,110,0.9994331
0003424.jpg,787.3712,16.95471,812.80133,43.48676,62,0.65727377
0003424.jpg,672.4518,460.8132,720.5793,505.15863,27,0.11669017
0003856.jpg,665.4155,454.3376,712.91516,496.97742,110,0.7957147
0003856.jpg,665.4155,454.3376,712.91516,496.97742,108,0.26215774
0003383.jpg,682.3494,430.60718,723.74866,468.41452,110,0.9934376
0003383.jpg,788.02747,17.606157,813.22723,44.231804,62,0.8317737
0003383.jpg,682.3494,430.60718,723.74866,468.41452,27,0.21067035
0008499.jpg,824.084,41.829712,856.5372,72.65405,62,0.99928015
0000247.jpg,359.4634,153.46239,392.57388,185.08313,28,0.1390323
0002512.jpg,573.16425,456.30157,620.3123,499.44455,110,0.1874719
0002512.jpg,572.8988,456.71875,620.20233,499.70163,27,0.11793455
0002960.jpg,552.99774,485.29602,607.1536,534.32135,110,0.8002633
0002960.jpg,553.03503,485.55887,607.16534,534.4394,27,0.2834989
0000181.jpg,35.65039,176.30537,64.60289,203.22774,28,0.27855405
0012421.jpg,1020.7222,78.61766,1096.679,152.15291,80,0.99693584
0012386.jpg,827.3694,188.34999,858.60474,219.41914,75,0.1397947
0013261.jpg,151.90118,391.49994,191.50821,438.86533,109,0.107537016
0013261.jpg,152.46643,399.05453,191.79094,446.49097,64,0.10066296
0003094.jpg,553.13153,486.24826,607.1805,534.3797,110,0.81767917
0003094.jpg,553.1115,485.86584,607.3666,534.34735,27,0.14057219
0003733.jpg,636.86707,476.58646,688.8366,523.95233,110,0.99938416
0006554.jpg,486.44916,147.35083,512.3751,173.41208,62,0.51001626
0005833.jpg,596.8366,166.11578,628.4264,196.8259,40,0.9997482
0009426.jpg,1081.6012,200.53879,1123.9177,239.5552,27,0.998254
0009426.jpg,1081.5427,200.52734,1123.8158,239.52715,96,0.4993565
0002602.jpg,515.6219,517.6809,579.1307,577.4132,110,0.1995804
0003042.jpg,553.60706,485.4055,607.24896,534.0786,110,0.9214166
0003042.jpg,553.36096,485.65793,607.22327,534.24274,27,0.10377273
0003384.jpg,680.7819,433.45087,723.5747,472.50284,110,0.98007065
0003384.jpg,787.97974,17.28032,813.21246,43.81193,62,0.74791694
0003851.jpg,656.7421,471.72397,707.45917,519.44104,110,0.99664295
0003423.jpg,673.3924,460.2692,720.5833,504.17944,110,0.9971111
0003423.jpg,787.6379,16.75056,812.8941,43.558956,62,0.87020093
0003423.jpg,672.89825,460.21835,720.8324,504.16998,27,0.26865804
0000240.jpg,267.2802,162.86765,298.26352,192.82259,53,0.6347273
0000240.jpg,266.7748,163.15514,298.36282,192.754,28,0.13065249
0002967.jpg,553.3395,485.30008,607.052,534.3121,110,0.8834492
0002967.jpg,553.2094,485.54684,607.088,534.46204,27,0.23063149
0002515.jpg,570.1475,459.402,618.0621,503.93088,110,0.93144006
0002515.jpg,570.1475,459.402,618.0621,503.93088,27,0.52303195
0008758.jpg,224.23332,59.783195,253.63155,90.1772,84,0.42933324
0012381.jpg,812.43463,192.5055,841.85815,222.75757,72,0.11726485
0012381.jpg,812.4125,192.47842,841.8305,222.48624,75,0.1070331
0000186.jpg,68.55884,172.91782,101.10686,203.97937,53,0.15513553
0000186.jpg,69.7604,173.251,101.56617,203.61343,28,0.13621105
0000186.jpg,69.21064,172.81052,101.53748,203.64328,71,0.13027166
0012426.jpg,1088.881,36.943733,1177.999,123.116745,75,0.75934356
0012426.jpg,1088.506,37.33809,1177.1023,123.241066,80,0.60029674
0012426.jpg,1089.5314,36.98545,1177.2013,123.60747,70,0.40517873
0012426.jpg,1086.0331,36.735798,1180.8287,124.78241,72,0.24013172
0003734.jpg,636.82806,476.86682,688.7391,524.08887,110,0.9996941
0003734.jpg,636.31024,476.6806,688.80066,524.3493,27,0.14508277
0003093.jpg,552.9289,486.06366,606.9493,534.6824,110,0.8361141
0003093.jpg,553.10596,485.77777,607.24713,534.5895,27,0.13282223
0005834.jpg,591.8229,164.27127,624.2178,195.72095,40,0.99784553
0009421.jpg,996.45306,219.26627,1029.7899,250.1384,96,0.9991561
0010479.jpg,363.09976,83.77551,407.1482,128.00517,1,0.99968493
0003799.jpg,636.6617,476.33505,689.11035,524.0127,110,0.9991148
0003799.jpg,636.209,476.18198,689.152,524.25696,27,0.11928647
0003799.jpg,637.5904,475.37314,688.1803,523.1605,40,0.10895393
0002569.jpg,515.85065,518.2468,578.90857,577.66736,110,0.3734619
0009977.jpg,509.52533,177.3638,535.828,201.8173,83,0.41337377
0009977.jpg,508.97092,177.36745,535.6787,201.63495,6,0.20280555
0003748.jpg,637.0407,476.78055,689.05676,523.97095,110,0.99958986
0003748.jpg,636.59784,476.6505,689.0846,524.19104,27,0.1927668
0012163.jpg,1115.4437,42.39426,1182.5835,104.66392,78,0.960015
0012163.jpg,1115.4437,42.39426,1182.5835,104.66392,96,0.72009486
0005848.jpg,530.46014,159.34822,570.45966,197.0503,40,0.9999893
0002843.jpg,571.0263,463.21732,620.23193,508.3554,110,0.2212204
0002843.jpg,571.5341,462.94772,620.1296,508.46442,114,0.13391803
0000705.jpg,754.2234,264.5309,782.57947,299.07767,87,0.7184753
0000705.jpg,754.03485,264.84845,782.0744,299.76587,96,0.35480383
0003610.jpg,636.2726,476.6407,688.27704,524.054,110,0.99803835
0002726.jpg,491.14612,552.46954,561.9088,622.4704,14,0.10663316
0007078.jpg,432.7196,107.504265,466.3672,142.13367,84,0.9998629
0007078.jpg,676.6253,96.62712,710.53156,131.11583,83,0.9998147
0007078.jpg,553.789,101.162926,588.78455,135.80511,84,0.99959
0007078.jpg,800.5599,87.64077,835.2764,121.984535,83,0.9972199
0007078.jpg,548.147,63.091312,576.1362,92.51203,3,0.36924535
0007078.jpg,548.0125,63.21896,575.99603,92.70349,1,0.2276581
0007078.jpg,426.25546,69.25368,453.95087,97.76483,62,0.10728994
0010286.jpg,997.6829,155.80238,1034.5785,189.93245,83,0.82475436
0010286.jpg,997.52435,155.7867,1034.9023,189.92316,80,0.7928293
0003166.jpg,552.85187,486.19125,606.879,534.55035,110,0.91031665
0003166.jpg,553.0737,485.8743,607.1443,534.4744,27,0.12094475
0001194.jpg,1092.5817,11.680086,1125.7687,57.39653,103,0.9995963
0001194.jpg,1168.1324,141.26967,1194.6039,172.183,22,0.97330916
0001194.jpg,1067.7548,24.857162,1094.9646,66.63303,60,0.30651736
0001194.jpg,1067.5474,24.158247,1094.9503,66.62242,6,0.14769156
0003507.jpg,635.7844,476.2644,688.4263,524.04596,110,0.99879956
0002892.jpg,553.2198,485.48724,607.27356,534.3805,110,0.9010413
0002892.jpg,552.94806,485.71823,607.23676,534.5814,27,0.19800375
0000412.jpg,1179.2959,473.42767,1225.1785,514.18256,55,0.36630985
0000412.jpg,821.89,161.04951,848.09937,199.89091,105,0.34924954
0000412.jpg,1179.0703,473.54587,1224.1501,514.1508,60,0.12615167
0005899.jpg,166.25418,0.0,255.60132,79.06241,40,0.5344673
0005899.jpg,165.45033,0.0,257.66357,78.66656,116,0.189445
0005899.jpg,168.79602,0.0,254.66655,84.37915,16,0.12604783
0005899.jpg,168.79602,0.0,254.66655,84.37915,105,0.11220962
0012413.jpg,939.4539,125.97203,994.72656,181.82799,80,0.8573744
0012413.jpg,939.6247,126.17137,994.8498,181.57166,75,0.15243956
0003701.jpg,636.8378,476.6828,688.87494,524.07666,110,0.99978083
0003701.jpg,636.3127,476.46512,688.9413,524.33514,27,0.16333532
0010893.jpg,720.5732,113.85361,749.2144,145.25075,62,0.9999449
0012072.jpg,847.6469,312.1858,876.28156,339.89478,64,0.18804564
0002952.jpg,553.07184,485.55716,607.23315,534.5089,110,0.7323789
0002952.jpg,553.0865,485.18558,607.4198,534.4772,27,0.14514494
0002520.jpg,561.1458,470.26297,611.3199,517.77435,110,0.99890566
0003360.jpg,791.0609,37.186626,816.10913,62.95024,62,0.6250238
0003416.jpg,672.9638,459.80722,720.41125,503.86624,110,0.99790704
0003416.jpg,787.7629,16.37568,812.99774,43.109283,62,0.9536333
0002983.jpg,553.25824,486.05392,607.15216,534.0982,110,0.8393142
0002983.jpg,553.29584,486.27786,607.0333,534.25903,27,0.40905547
0002637.jpg,519.9421,513.0369,581.8431,571.0028,110,0.5233722
0003077.jpg,553.21716,485.89642,607.0703,534.54663,110,0.8233372
0011270.jpg,1235.7915,264.82242,1269.8179,295.12952,16,0.8726263
0006210.jpg,1003.7759,197.89767,1038.8676,229.24394,103,0.9999995
0006210.jpg,1006.8557,165.39053,1039.0868,196.01883,78,0.9983664
0003688.jpg,636.51855,476.75656,688.5829,523.89606,110,0.9975527
0003688.jpg,635.92944,476.61856,689.02576,524.15314,27,0.12911227
0003659.jpg,636.17816,476.6462,688.4269,524.1384,110,0.9954804
0003238.jpg,544.2758,495.8768,601.0349,547.1919,110,0.62221646
0003238.jpg,544.2758,495.8768,601.0349,547.1919,108,0.36913937
0003238.jpg,544.4507,496.03397,600.8857,547.65155,40,0.16232972
0009866.jpg,450.51407,143.51595,481.962,174.95045,1,0.9830377
0009866.jpg,450.6007,143.66823,482.0615,174.9067,22,0.29154143
0006784.jpg,942.8605,43.53798,976.7385,78.72504,64,0.9232343
0006784.jpg,942.80646,43.659077,976.6255,78.664696,1,0.39438692
0005925.jpg,510.32977,219.76859,535.82104,291.93018,27,0.42120603
0005925.jpg,511.42868,223.77455,534.9281,292.15808,105,0.34048092
0000209.jpg,67.16851,176.23344,97.347565,205.48087,53,0.210539
0000209.jpg,66.91574,176.20853,97.19313,205.445,28,0.15364024
0001498.jpg,564.27325,91.08572,592.8799,121.06576,62,0.99990356
0003818.jpg,637.31885,476.5381,689.58124,524.2038,110,0.9978471
0003818.jpg,636.8796,476.37234,689.5107,524.3389,27,0.17861801
0003818.jpg,638.08026,475.34183,688.6651,523.2446,40,0.16114528
0007574.jpg,915.4416,15.60399,953.865,54.626404,83,0.9634445
0007574.jpg,783.9954,20.245642,822.1455,57.210037,60,0.71580017
0007574.jpg,784.13116,20.0788,822.3962,56.856335,83,0.15081103
0007574.jpg,915.2044,14.419649,953.7678,54.768475,57,0.11052999
0003532.jpg,636.08014,476.532,688.5498,524.30725,110,0.9971584
0002713.jpg,492.3661,552.8142,562.6158,621.8714,14,0.10144693
0003153.jpg,553.12415,485.91803,607.21985,534.50116,110,0.8928965
0003153.jpg,553.1064,485.5722,607.3848,534.4969,27,0.11939839
0000730.jpg,264.68433,249.56706,303.04257,300.00278,116,0.5189204
0000730.jpg,237.74684,155.74403,308.40765,239.91777,116,0.29957944
0012945.jpg,444.255,200.91112,474.17926,228.86093,62,0.29735532
0003625.jpg,636.08484,476.3484,688.2433,523.8608,110,0.99442
0003625.jpg,635.39825,476.22412,688.5547,523.892,27,0.1334542
0003182.jpg,552.97675,485.96124,607.1225,534.59576,110,0.9178618
0003182.jpg,552.98804,485.57095,607.32983,534.58636,27,0.105101354
0012156.jpg,1029.3783,98.2801,1078.623,146.39519,78,0.99999404
0013716.jpg,170.42322,289.81024,207.10306,324.44388,64,0.11570775
0002876.jpg,553.1428,485.95312,607.0811,534.9206,110,0.8172394
0010603.jpg,533.863,95.03813,559.3139,122.82709,1,0.6096066
0010603.jpg,744.6331,0.0,776.3388,25.940193,64,0.24104796
0010603.jpg,533.34283,95.35801,559.4663,122.67926,16,0.16413562
0003244.jpg,550.65643,490.1869,605.0673,539.6883,110,0.9609254
0006783.jpg,925.6556,67.31173,955.67773,99.2009,64,0.7772338
0006783.jpg,925.6536,67.317894,955.7677,99.05257,62,0.5562542
0002929.jpg,553.30585,485.54175,607.1476,534.3792,110,0.89065987
0002929.jpg,553.2409,485.27985,607.36804,534.3597,27,0.12423769
0009241.jpg,717.1864,17.427498,743.27625,43.078705,72,0.2168384
0013698.jpg,170.9759,289.45935,207.6228,324.54825,64,0.17069672
0007573.jpg,777.38574,34.85953,812.7523,72.30892,62,0.99920493
0007573.jpg,900.20374,32.391518,936.05426,69.67746,83,0.8780758
0007573.jpg,900.12445,32.512806,936.1321,69.574326,60,0.55574864
0007573.jpg,900.1878,32.658596,936.1298,69.772675,0,0.1079246
0007859.jpg,1083.0013,30.381395,1122.8875,71.59253,62,0.9999808
0007859.jpg,440.67804,39.020805,487.79745,89.5066,84,0.99993813
0007859.jpg,611.0719,30.786335,659.67017,81.813576,83,0.9998048
0007859.jpg,784.8311,20.800154,834.3652,72.919334,83,0.99972886
0007859.jpg,270.27618,50.19768,318.53247,99.18548,84,0.9867122
0007859.jpg,434.8596,0.0,468.9426,29.939331,1,0.4969956
0007859.jpg,259.87405,0.91865206,299.76776,37.62103,1,0.39994222
0007859.jpg,270.32202,50.250927,318.664,99.26102,85,0.20358211
0003535.jpg,636.0599,476.433,688.49457,524.33606,110,0.99783367
0003154.jpg,553.2782,485.5072,607.48364,534.10834,110,0.8117616
0003154.jpg,553.1031,485.7251,607.47034,534.31915,27,0.17521197
0002714.jpg,493.2298,552.16315,562.3196,622.3087,55,0.15085007
0002714.jpg,493.5183,551.8794,561.99646,623.039,14,0.120367564
0012942.jpg,548.6855,219.91145,576.5135,246.89128,60,0.2803594
0000737.jpg,231.57114,152.01396,305.66385,242.52234,116,0.58798736
0000737.jpg,258.21356,251.16483,299.82068,302.0489,116,0.3463357
0000737.jpg,231.73892,151.18005,305.633,242.3707,108,0.11865795
0003185.jpg,552.92224,486.06436,607.1291,534.4891,110,0.75713766
0003185.jpg,552.7425,486.27112,607.1592,534.7126,27,0.33238277
0003622.jpg,636.2096,476.6686,688.13116,524.08124,110,0.99691916
0013711.jpg,170.26842,289.25363,207.46056,324.57956,64,0.14881013
0012151.jpg,991.16614,124.07173,1033.5186,165.8912,78,0.99996305
0003243.jpg,548.06134,492.5669,603.0278,543.0445,110,0.9398576
0010604.jpg,523.9474,75.23835,551.94415,103.36696,1,0.9863323
0002871.jpg,553.80396,485.10812,607.83563,533.78876,110,0.7890903
0002871.jpg,553.8269,484.9142,607.9967,533.6733,27,0.10214901
0012414.jpg,944.2883,127.287,1000.9417,183.9389,80,0.98412955
0012414.jpg,944.2479,127.37635,1000.95996,184.22433,75,0.13007312
0010894.jpg,722.7059,98.06667,752.5315,131.0169,62,0.9999932
0003706.jpg,636.88556,476.64658,689.06244,524.3282,110,0.99977666
0003706.jpg,637.8727,476.13803,688.38983,523.34796,27,0.22415724
0003706.jpg,637.8727,476.13803,688.38983,523.34796,40,0.10947311
0013635.jpg,276.425,280.98154,307.831,311.92563,64,0.545608
0003367.jpg,788.71954,28.84373,814.1186,54.695274,62,0.23898076
0002527.jpg,543.10254,488.33063,599.5504,539.3851,110,0.963601
0002955.jpg,553.1175,485.48816,606.9463,534.3971,110,0.7801303
0002955.jpg,553.1563,485.12573,607.16785,534.36523,27,0.11255037
0002984.jpg,553.52136,486.16562,606.75385,534.3694,110,0.8524045
0003411.jpg,673.42584,460.3728,720.4868,504.21725,110,0.9984479
0003411.jpg,787.61255,17.282188,812.65076,43.76823,62,0.8115354
0003411.jpg,672.92975,460.32523,720.74615,504.21225,27,0.1394549
0003863.jpg,698.58685,429.82083,737.86505,466.3446,110,0.5102079
0003070.jpg,553.30817,485.53152,607.0597,534.1776,110,0.818307
0012362.jpg,763.4785,216.43365,787.45703,241.22586,75,0.89142376
0007457.jpg,1198.4955,125.38774,1226.4175,151.49364,81,0.9646645
0007457.jpg,1226.687,123.443985,1255.5026,150.38377,103,0.90058464
0007457.jpg,1198.6486,153.99773,1226.0112,181.31728,6,0.7955735
0006217.jpg,1212.099,79.876526,1266.9056,131.07817,78,0.99999833
0006217.jpg,1211.5156,138.62302,1266.6676,188.98288,103,0.99999785
0006217.jpg,1210.3666,112.715164,1267.8085,166.58379,103,0.27483433
0006217.jpg,1210.7712,138.04378,1266.9783,188.83714,6,0.15260576
0003549.jpg,636.2917,476.17822,688.7313,524.1644,110,0.9969716
0003128.jpg,552.94525,486.54834,606.97473,534.76965,110,0.90393704
0006561.jpg,378.7626,82.82448,410.43887,115.61895,62,0.9812414
0003598.jpg,636.1443,476.11768,688.787,523.9575,110,0.9992052
0003598.jpg,635.45276,476.02023,689.0162,523.95306,27,0.12113049
0009861.jpg,496.4396,171.48271,523.7621,198.10739,1,0.3598785
0003774.jpg,636.73676,476.55255,689.0104,524.0728,110,0.99927574
0003774.jpg,636.2236,476.3959,689.0084,524.31177,27,0.31968915
0002693.jpg,494.41898,547.9264,564.92584,613.5979,14,0.13074277
0000200.jpg,73.526474,175.60991,104.16414,204.88922,28,0.24317543
0000200.jpg,73.42222,175.72888,104.18758,204.84521,62,0.22622299
0000200.jpg,73.44326,175.51785,104.104546,204.88742,56,0.17148162
0002555.jpg,515.22406,517.75433,579.1672,577.6699,110,0.2699181
0002927.jpg,553.2844,485.21896,607.1465,534.0536,110,0.83572084
0002927.jpg,553.28577,484.95218,607.3018,534.037,27,0.12451144
0003463.jpg,777.20544,6.624194,803.635,33.46882,62,0.9495677
0003811.jpg,637.2789,477.1143,689.3796,524.69324,110,0.9971607
0003811.jpg,636.93884,476.98364,689.4222,524.77155,27,0.25912014
0003811.jpg,638.12726,476.3845,688.75574,523.71246,40,0.1585748
0002584.jpg,515.6712,517.4794,578.97974,576.6366,110,0.13362534
0013696.jpg,169.14966,289.35086,206.52187,325.05734,64,0.25073323
0012771.jpg,1140.7944,175.13428,1179.5579,210.7476,78,0.8948639
0012771.jpg,1140.8745,175.07051,1179.4633,210.65218,27,0.7012276
0012771.jpg,303.83878,318.53827,337.43314,346.50723,25,0.39401752
0012771.jpg,1140.7595,175.0341,1179.4221,210.60991,96,0.23496807
0002642.jpg,537.3777,496.6079,595.57117,549.94464,110,0.40419975
0002642.jpg,537.68604,496.841,595.6007,550.3311,40,0.21953468
0010445.jpg,898.0178,84.01309,925.2472,111.21374,1,0.6322583
0003002.jpg,552.8491,485.50836,606.9718,534.14575,110,0.82347953
0003002.jpg,552.67346,485.71875,606.9495,534.3673,27,0.20022249
0009189.jpg,1053.538,130.63135,1093.6986,165.28117,40,0.12158157
0007857.jpg,776.7546,54.95496,819.26,100.65871,83,0.99999666
0007857.jpg,627.10345,62.126495,668.9697,106.2974,83,0.9999839
0007857.jpg,1034.7672,63.119865,1065.9761,97.54685,62,0.9987494
0007857.jpg,333.0408,79.09417,373.36053,120.36916,84,0.9928559
0007857.jpg,479.90347,71.23995,520.48755,112.55305,84,0.9612574
0007857.jpg,470.14926,25.686178,507.28558,59.3671,1,0.6135704
0007857.jpg,320.33444,32.20845,358.14,67.56169,53,0.27987492
0007857.jpg,1034.5865,63.497055,1066.2114,97.934906,80,0.18912378
0007732.jpg,332.59442,45.60719,369.5095,84.76129,75,0.44566807
0007732.jpg,332.56876,45.925045,369.32022,84.70896,84,0.18993993
0000739.jpg,260.2488,246.26411,301.4382,301.18896,116,0.9089657
0000739.jpg,234.49155,147.1099,306.85663,238.79565,64,0.7257236
0007353.jpg,1012.78314,32.485264,1058.2471,80.45681,22,0.9894839
0007353.jpg,1012.7531,32.3864,1058.1045,80.23508,3,0.50138617
0007353.jpg,1012.882,32.491756,1058.1704,80.33811,1,0.13131967
0007353.jpg,455.98633,40.599316,488.02948,73.48258,85,0.121569686
0005874.jpg,330.8511,58.857285,400.39532,120.213425,40,0.9999933
0003708.jpg,636.7388,476.78738,688.8407,524.05334,110,0.9995166
0003708.jpg,635.843,476.74857,689.2643,524.23096,27,0.14368054
0007616.jpg,1280.9277,181.92415,1310.1631,210.03265,72,0.9940836
0008764.jpg,157.23166,34.59427,191.1183,69.24249,75,0.9346358
0008764.jpg,157.40804,34.46504,191.22412,69.37867,84,0.1371357
0002529.jpg,538.9975,495.20157,594.9738,546.2622,40,0.27476457
0002529.jpg,538.9975,495.20157,594.9738,546.2622,110,0.27086037
0003369.jpg,788.8693,26.684265,814.675,53.11287,62,0.7571822
0005950.jpg,417.85397,201.10858,442.11475,255.42213,105,0.20052789
0009652.jpg,1277.6588,251.54695,1307.544,280.1259,75,0.70276916
0009652.jpg,1278.8153,239.64777,1308.4834,267.31433,75,0.303071
0009652.jpg,1278.8948,239.40157,1309.2074,267.24603,71,0.29629874
0009652.jpg,1277.5668,267.88852,1306.1088,294.95187,75,0.16918568
0003547.jpg,636.1651,476.36505,688.48914,524.2072,110,0.9944199
0007459.jpg,1264.1411,135.52107,1294.7706,163.9973,6,0.9999846
0007459.jpg,1298.7959,99.661934,1330.2749,129.80049,103,0.99976474
0007459.jpg,1264.573,100.86001,1295.8881,129.24294,81,0.98777276
0003681.jpg,636.0915,476.5048,688.4699,524.2142,110,0.99816954
0003126.jpg,553.025,486.10522,607.07355,534.3926,110,0.91306406
0000745.jpg,252.63104,248.97055,295.6636,306.18665,116,0.6242289
0000745.jpg,226.65324,146.7544,303.34286,232.70874,116,0.33288622
0003650.jpg,636.61383,476.79807,688.4433,523.80414,110,0.9948496
0003231.jpg,549.0499,491.03995,604.487,541.60114,110,0.9933302
0003596.jpg,636.18536,476.65817,688.4159,524.09595,110,0.99820733
0008763.jpg,166.59532,38.12197,199.5633,73.57396,84,0.99774975
0005253.jpg,457.28497,434.33887,485.4754,462.8025,16,0.1813959
0003418.jpg,673.3827,460.2545,720.65894,504.0456,110,0.99854565
0003418.jpg,787.5182,16.447659,813.0264,43.468857,62,0.92760414
0003418.jpg,673.2912,460.232,720.7348,504.2347,27,0.42076936
0009655.jpg,1246.9669,230.32965,1278.3396,259.772,75,0.9981146
0009655.jpg,1245.2059,240.75572,1277.2948,271.41016,75,0.43480086
0003079.jpg,553.2399,485.79584,607.2828,534.25543,110,0.7887469
0002639.jpg,526.5276,507.56906,586.2822,564.1724,110,0.76493996
0003540.jpg,635.9646,476.90363,688.3159,524.3479,110,0.99786407
0003540.jpg,635.3023,476.73648,688.65784,524.3397,27,0.10501569
0003121.jpg,552.8402,485.597,607.2816,534.3831,110,0.83840024
0003121.jpg,553.0762,485.31348,607.4035,534.28265,27,0.2040904
0003686.jpg,636.5841,476.7519,688.5699,523.96106,110,0.9978003
0003686.jpg,635.85156,476.61142,688.8972,523.991,27,0.12734634
0000742.jpg,261.74228,234.92752,302.89597,291.68234,116,0.98498636
0000742.jpg,234.28975,133.47244,308.93008,216.30122,64,0.93279546
0000742.jpg,261.74228,234.92752,302.89597,291.68234,64,0.32410058
0003657.jpg,636.25,476.55804,688.4787,523.9516,110,0.9947966
0009868.jpg,424.59375,130.08482,460.4194,165.15553,1,0.9994966
0003591.jpg,636.14606,476.65457,688.40106,523.9736,110,0.9987374
0003591.jpg,635.3796,476.54718,688.7532,523.934,27,0.123861276
0003236.jpg,545.2334,494.93454,601.4283,546.7736,110,0.70491064
0003236.jpg,545.2633,494.5234,601.6402,546.1417,108,0.6021959
0002694.jpg,493.56598,550.25256,563.0893,617.77466,14,0.18701616
0003773.jpg,636.8833,476.51462,689.07587,524.0655,110,0.99897623
0003773.jpg,636.304,476.35886,688.9558,524.2861,27,0.30131856
0013640.jpg,260.22147,285.8588,293.00806,317.32816,64,0.6263829
0000207.jpg,69.556496,176.52936,98.639534,204.98685,62,0.34465224
0002920.jpg,552.6381,485.36432,607.0056,534.49835,110,0.8548785
0002920.jpg,552.6752,485.62006,606.9894,534.62836,27,0.22701332
0002552.jpg,514.9805,518.138,579.0733,577.81836,110,0.36804152
0002583.jpg,515.8512,518.15906,578.75476,577.00543,110,0.1878841
0003816.jpg,637.22974,476.6249,689.5314,524.3512,110,0.9978891
0003816.jpg,636.8587,476.5028,689.4923,524.4689,27,0.48982203
0003816.jpg,638.20953,475.83096,688.9081,523.46295,40,0.10769775
0003464.jpg,775.9561,5.7405453,802.3523,33.33801,62,0.9607545
0012776.jpg,371.60965,322.83972,403.14645,352.99988,57,0.19253623
0001496.jpg,577.845,107.765366,604.06506,135.54274,62,0.96053976
0013691.jpg,167.90474,290.015,204.46881,325.21503,64,0.23148814
0003005.jpg,553.38855,485.65634,607.19183,534.03265,110,0.88542193
0003005.jpg,553.17377,485.77686,607.29083,533.99316,27,0.12537591
0002645.jpg,551.93933,482.54352,605.18097,532.892,110,0.8601405
0002645.jpg,551.93933,482.54352,605.18097,532.892,27,0.14596796
0000429.jpg,472.37186,324.49277,502.1107,355.76157,64,0.3606299
0008550.jpg,843.0712,48.290398,875.1428,81.36033,1,0.89414907
0008550.jpg,843.0712,48.290398,875.1428,81.36033,28,0.87496877
0008550.jpg,843.1862,48.25331,875.1238,81.18096,22,0.47419757
0007850.jpg,758.3957,147.51796,786.3725,174.44887,83,0.9313885
0007850.jpg,658.3491,152.93355,685.9484,180.7527,83,0.88120997
0007850.jpg,758.4087,147.45726,786.2945,174.65175,16,0.27269334
0004156.jpg,399.8578,221.59856,436.16464,268.45804,9,0.3485817
0007735.jpg,260.62347,0.0,305.00464,43.01921,84,0.8140335
0007354.jpg,1049.0685,2.0651054,1099.4033,52.84543,22,0.97852486
0007354.jpg,441.70297,19.27483,476.1801,55.876347,75,0.87579554
0007354.jpg,1049.3684,1.7096481,1099.3251,52.78059,3,0.20448154
0002878.jpg,553.4407,485.63858,607.17804,534.61536,110,0.8122354
0002878.jpg,553.4181,485.31747,607.38715,534.602,27,0.13113746
0013718.jpg,170.57407,289.31036,207.23508,324.30725,64,0.17575204
0005873.jpg,343.2183,66.04822,409.6875,129.18874,40,0.99999964
0012158.jpg,1053.2913,82.39799,1107.056,133.0324,78,0.99999547
0003646.jpg,636.09094,476.2323,688.2834,523.901,110,0.99893445
0000753.jpg,228.18605,258.16306,275.11633,321.0914,116,0.8463306
0000753.jpg,195.8039,147.8158,281.86902,246.53415,64,0.30368546
0000753.jpg,195.43925,147.54694,284.9235,245.17404,108,0.12998037
0003227.jpg,551.46643,488.3599,605.94727,538.2968,110,0.9105942
0003580.jpg,635.94214,476.64136,688.2284,524.11456,110,0.99851507
0003580.jpg,635.5533,476.39056,688.1555,524.14386,27,0.4019429
0002467.jpg,609.3798,405.744,644.11316,438.2938,16,0.14064157
0012135.jpg,913.79974,180.01904,942.6167,207.54175,72,0.113000445
0001204.jpg,141.38316,283.7894,189.12697,328.8816,112,0.5658583
0001204.jpg,141.4734,283.6967,189.2211,328.53485,64,0.31214616
0003551.jpg,636.0942,476.55234,688.4938,524.44244,110,0.9975938
0003697.jpg,636.80005,476.52542,688.7779,523.7113,110,0.9995425
0003697.jpg,636.3793,476.37347,688.92487,523.8594,27,0.37618372
0003130.jpg,553.22296,485.78888,607.17114,534.26306,110,0.8276017
0003409.jpg,673.6297,460.28177,720.5424,504.11816,110,0.999332
0003409.jpg,787.633,17.124691,812.8007,43.61496,62,0.8856808
0003409.jpg,673.3258,460.20944,720.7272,504.11694,27,0.1517968
0008465.jpg,406.28653,95.06348,436.22318,124.787796,62,0.9971244
0008465.jpg,656.84924,88.06257,687.32214,117.99141,83,0.9953863
0008465.jpg,758.15643,86.29745,788.90216,116.102516,83,0.99424607
0008465.jpg,547.03735,92.19256,577.2134,121.63646,84,0.9133667
0008465.jpg,758.0805,86.369835,788.9829,116.20032,1,0.36042365
0008465.jpg,443.12918,94.86899,472.2166,124.35478,84,0.27164966
0008465.jpg,757.6727,75.46811,788.341,105.78088,1,0.2072588
0008465.jpg,540.4091,57.84633,567.41656,84.52898,1,0.16418624
0008465.jpg,438.20758,60.501186,464.3521,87.18286,1,0.12130343
0008465.jpg,758.1777,86.2262,789.01404,116.254196,0,0.106605604
0003068.jpg,553.46606,485.75043,607.1791,533.99365,110,0.8063129
0002628.jpg,515.65326,517.49786,578.3126,575.8892,110,0.14382336
0010738.jpg,1074.7867,166.83458,1119.4968,209.30484,75,0.9987602
0007083.jpg,477.83243,21.330832,528.6412,71.92663,84,0.99977726
0007083.jpg,657.25165,12.027799,704.62976,63.561188,83,0.9930513
0007083.jpg,304.1777,30.38535,351.54428,79.1564,84,0.9832404
0007083.jpg,835.81573,0.0,886.08215,48.00309,83,0.9386126
0007083.jpg,836.13995,0.0,885.67426,47.97519,0,0.308347
0007083.jpg,657.38245,9.997803,704.9903,64.5049,62,0.25508943
0007083.jpg,835.57733,0.0,886.22327,47.534706,56,0.12733689
0007083.jpg,834.6063,0.0,883.0859,53.011208,62,0.10813058
0007083.jpg,303.7509,30.576088,352.1346,79.90463,85,0.10705446
0007083.jpg,836.2561,0.0,886.8971,47.645042,101,0.10329689
0013709.jpg,171.28645,290.23477,207.4037,324.8139,64,0.14022703
0012149.jpg,977.47833,136.03485,1016.3553,175.26793,78,0.9972096
0012149.jpg,977.40424,136.01607,1016.3121,175.34697,96,0.47574696
0005862.jpg,451.172,107.64377,502.954,154.64594,40,1.0
0005862.jpg,628.7172,226.8757,648.23395,266.68457,105,0.93971646
0007345.jpg,883.4964,137.96596,910.6268,164.71912,1,0.7964537
0007345.jpg,1113.9706,174.57736,1139.6135,199.53717,72,0.21140803
0007345.jpg,883.4964,137.96596,910.6268,164.71912,22,0.13243665
0002869.jpg,554.6854,484.6011,607.8707,533.2148,110,0.8810583
0000438.jpg,1034.0283,310.1537,1079.3444,353.54758,53,0.5557484
0012767.jpg,1051.5806,184.1616,1085.3651,215.47885,78,0.91667086
0012767.jpg,1051.6044,184.36526,1085.3921,215.46243,27,0.5841823
0013680.jpg,162.94266,290.22754,199.58357,324.8648,64,0.2626661
0002592.jpg,515.7592,517.9814,578.9268,576.9014,110,0.34850296
0003475.jpg,609.6276,438.5943,651.83057,476.3629,110,0.32927895
0003475.jpg,761.38837,0.0,788.55676,23.684505,62,0.2624131
0003475.jpg,763.4908,0.0,790.54126,23.600407,64,0.13170557
0003807.jpg,636.73834,476.90622,688.9169,524.2677,110,0.99893624
0003807.jpg,635.93915,476.85626,689.3632,524.44293,27,0.30831775
0003807.jpg,637.6174,476.04373,688.29016,523.4576,40,0.15427071
0003014.jpg,553.19586,485.79892,607.23035,534.3201,110,0.87306225
0003014.jpg,553.1502,485.43903,607.409,534.3169,27,0.14855354
0002685.jpg,528.85895,510.62503,589.3126,569.44885,110,0.52795935
0010482.jpg,256.5501,24.409859,314.02567,81.06542,1,0.94743985
0010482.jpg,256.5001,24.594439,314.51587,80.78708,22,0.74646705
0003762.jpg,636.86597,476.64215,688.9213,523.9622,110,0.9990821
0003762.jpg,636.3234,476.49057,688.8883,524.1841,27,0.19414727
0002543.jpg,515.636,517.6811,578.5523,576.9182,110,0.26609263
0002931.jpg,552.7927,485.66208,607.2029,534.5968,110,0.766456
0002931.jpg,552.591,485.8264,607.2042,534.8484,27,0.16108203
0013651.jpg,237.36212,285.90332,270.6787,318.28314,64,0.2108774
0001168.jpg,26.097883,236.00006,50.66087,261.22418,16,0.4366997
0000728.jpg,242.13141,162.76608,308.16992,244.43811,64,0.3197806
0000728.jpg,241.8462,162.30594,308.5365,244.68002,108,0.13178359
0007084.jpg,453.27014,0.0,506.97806,53.434334,84,0.8714546
0007084.jpg,263.57892,8.588939,315.32074,64.68055,80,0.6468593
0007084.jpg,983.0396,25.950874,1022.3714,66.20085,0,0.46137258
0007084.jpg,982.3755,25.424389,1022.28046,66.15709,83,0.229585
0007084.jpg,652.20404,0.0,702.5119,51.18601,62,0.12753567
0007084.jpg,851.45276,0.0,899.7321,28.943922,0,0.11529274
0007084.jpg,849.63824,0.0,901.50385,23.475687,16,0.113521464
0005865.jpg,425.8052,100.66273,481.94797,149.66801,40,1.0
0008546.jpg,818.34436,94.80162,844.8402,122.06288,1,0.55211645
0000398.jpg,912.29974,401.72214,938.9052,427.571,16,0.41959733
0013687.jpg,168.00845,289.98172,204.96495,325.3322,64,0.11966123
0012760.jpg,950.54224,210.76044,977.53613,237.60265,27,0.28934377
0012760.jpg,950.54224,210.76044,977.53613,237.60265,78,0.26757276
0003800.jpg,636.69946,476.86682,688.8888,524.2776,110,0.9991685
0003800.jpg,636.3366,476.69736,689.00494,524.5075,27,0.1354382
0003800.jpg,637.58777,475.91187,688.1962,523.38464,40,0.10889756
0003472.jpg,624.65094,433.771,665.72424,471.9676,110,0.54493916
0003472.jpg,766.4818,0.0,796.0711,25.223616,64,0.2611573
0002595.jpg,515.5736,518.1448,578.9935,577.31525,110,0.28855386
0002653.jpg,588.35095,447.8614,633.5989,489.5547,55,0.39512858
0003013.jpg,552.9071,485.39417,606.9537,534.47034,110,0.789024
0003013.jpg,553.11975,485.10352,607.1733,534.38556,27,0.10250128
0003765.jpg,636.74713,476.6872,689.00757,523.92334,110,0.9990983
0003765.jpg,636.1577,476.51846,688.9694,524.1584,27,0.3383241
0002682.jpg,548.5276,491.58582,604.5546,542.86224,110,0.9957218
0002936.jpg,552.9058,485.4024,607.24396,534.1471,110,0.8210995
0002936.jpg,552.63403,485.6207,607.1525,534.34894,27,0.3441996
0002544.jpg,515.69464,518.0062,579.0914,577.3694,110,0.45316154
0010743.jpg,1291.2417,89.60475,1333.0,156.31404,70,0.41261426
0010743.jpg,1282.613,90.87125,1333.0,153.90273,72,0.39634627
0010743.jpg,1282.613,90.87125,1333.0,153.90273,56,0.14873457
0000211.jpg,66.54734,176.25432,97.364914,206.06293,28,0.5361513
0003641.jpg,636.31586,476.5998,688.26044,523.93774,110,0.99556774
0000754.jpg,223.70639,256.55713,273.21747,320.96494,116,0.8081758
0000754.jpg,192.30304,144.11952,275.77087,242.96968,64,0.78325385
0003587.jpg,636.2623,476.58313,688.56,524.0342,110,0.9990115
0003587.jpg,637.2767,475.34854,687.3259,522.89795,40,0.103448704
0003220.jpg,552.83704,486.0821,606.12744,535.39746,110,0.89526016
0012132.jpg,901.8845,188.07007,927.8657,214.3417,78,0.9975822
0005819.jpg,617.94366,186.6338,645.49316,212.58434,40,0.7582815
0001203.jpg,181.64124,280.4033,226.37636,322.5973,64,0.9353187
0006208.jpg,977.4417,208.68234,1006.40436,236.31413,103,0.9987618
0006208.jpg,978.32764,178.33707,1006.0836,206.45163,72,0.33071804
0003556.jpg,635.9436,476.45636,688.5081,524.388,110,0.99704933
0007448.jpg,1029.3577,185.30415,1052.9465,209.5503,81,0.5388964
0010902.jpg,707.6738,0.0,753.0141,40.09164,64,0.93546957
0010902.jpg,707.8801,0.0,754.175,40.794563,62,0.8311339
0003137.jpg,552.6965,485.75186,607.1069,534.356,110,0.7748556
0003137.jpg,552.9123,485.44214,607.36224,534.2777,27,0.1927521
0003690.jpg,636.67377,476.39145,688.9563,523.76556,110,0.99925643
0008462.jpg,481.74448,115.17579,507.5293,142.13524,84,0.42643577
0008462.jpg,450.32297,112.96797,478.92407,141.20598,62,0.4118016
0011268.jpg,1186.8284,266.06726,1216.1791,293.2669,16,0.5678704
0009135.jpg,237.41211,224.53447,269.4395,257.4161,116,0.18243103
0003719.jpg,636.77484,476.7964,689.103,524.25995,110,0.99892455
0003719.jpg,636.3199,476.65103,689.14624,524.50183,27,0.32390147
0007266.jpg,294.16873,59.731274,332.01065,97.63004,62,0.9999566
0003378.jpg,788.64526,19.735893,814.1458,46.22878,62,0.3152665
0003633.jpg,636.2635,476.6416,688.1546,523.8242,110,0.9935035
0003194.jpg,553.04785,486.0187,607.0844,534.4436,110,0.9129917
0012953.jpg,18.187138,175.184,63.903503,215.08061,72,0.63120633
0012953.jpg,17.519194,175.27849,63.896263,215.15208,70,0.29985225
0003252.jpg,561.766,477.4669,611.29803,525.1397,110,0.615606
0002860.jpg,554.80444,484.76913,608.0998,533.1736,110,0.9586286
0001507.jpg,450.84985,0.0,490.05685,27.760635,64,0.3366763
0004259.jpg,668.4666,92.36015,695.4026,121.73242,62,0.9948802
0013700.jpg,170.69121,289.9068,207.37976,324.72906,64,0.16355151
0012140.jpg,935.4778,165.94019,966.3242,196.5817,78,0.16423732
0012140.jpg,935.4778,165.94019,966.3242,196.5817,96,0.14878789
0000396.jpg,894.9651,393.21143,922.34357,419.17038,16,0.5259785
0008548.jpg,830.77185,70.82523,859.907,99.91364,1,0.9577214
0008548.jpg,830.77185,70.82523,859.907,99.91364,0,0.119719274
0007848.jpg,757.93317,152.87941,783.4893,178.63274,83,0.5252916
0007848.jpg,665.2549,157.89702,690.669,184.2516,83,0.46113873
0003524.jpg,635.95166,476.59457,688.35425,524.3855,110,0.9990336
0003145.jpg,553.01935,485.6917,607.1268,534.0506,110,0.87927693
0002705.jpg,493.49646,552.9042,561.7836,622.7066,55,0.13613799
0006322.jpg,384.28244,122.775925,410.32095,148.99469,84,0.37510172
0006322.jpg,384.2482,122.66477,410.35623,149.08473,85,0.3683236
0009985.jpg,360.73703,114.5223,405.0612,154.85211,83,0.9987583
0013658.jpg,236.81506,286.8257,270.6016,319.64633,64,0.1665549
0006454.jpg,697.1349,137.55821,725.41547,164.91653,83,0.9884679
0006454.jpg,497.2473,111.91056,525.6198,139.81096,6,0.3745731
0006454.jpg,505.79666,145.49652,532.13086,172.87538,75,0.23269345
0006454.jpg,600.6454,143.20288,629.0633,169.43925,83,0.22368677
0007214.jpg,1277.7109,151.61662,1326.4095,198.8672,96,0.96268255
0007214.jpg,1277.6316,151.34619,1326.6815,198.69221,78,0.92562246
0002938.jpg,552.8905,485.631,607.1403,534.5584,110,0.7882455
0002938.jpg,553.0844,485.35147,607.33203,534.483,27,0.10858383
0009870.jpg,391.56497,113.47444,431.33206,152.84062,1,0.9995276
0009870.jpg,391.46655,113.45224,431.20532,152.89568,22,0.3576007
0003589.jpg,636.54865,476.5288,688.5462,523.6737,110,0.9977725
0006206.jpg,953.1468,209.59572,979.67426,235.06815,103,0.99190795
0003558.jpg,636.0711,476.13193,688.88214,524.11914,110,0.99314076
0004553.jpg,879.58673,227.17926,908.80084,255.39496,96,0.96429914
0004553.jpg,877.40894,197.14888,909.6865,227.80414,75,0.87974125
0004553.jpg,877.7206,197.08798,909.9405,228.16684,81,0.38551345
0004553.jpg,877.83075,210.3431,909.6684,240.742,75,0.29464698
0003139.jpg,553.0896,486.0074,606.91,534.3151,110,0.8786179
0003139.jpg,552.99207,486.2039,606.9058,534.4867,27,0.21791078
0000515.jpg,245.53409,273.67224,286.1876,315.46915,64,0.14322948
0002995.jpg,552.6249,485.62817,606.82184,534.5755,110,0.8762081
0002995.jpg,552.6825,485.91486,606.9155,534.6878,27,0.28473952
0003400.jpg,673.56964,459.23154,720.8417,501.87393,110,0.96655697
0003400.jpg,787.5901,16.709333,812.99896,43.722794,62,0.9214386
0012373.jpg,793.2694,202.30302,819.2945,229.35126,75,0.79451674
0003061.jpg,553.3391,485.81494,607.27655,534.1275,110,0.83555084
0003717.jpg,636.8989,476.53915,689.1855,524.1649,110,0.99936336
0012405.jpg,892.89557,153.25443,938.6939,199.04196,75,0.93334365
0012405.jpg,893.0545,153.49763,938.80884,198.83493,80,0.5567074
0010731.jpg,961.0004,209.70784,989.23627,236.75522,75,0.37666363
0007268.jpg,212.08305,15.670023,257.74222,62.450478,62,0.98934454
0007268.jpg,212.21231,15.930323,258.51718,62.292095,64,0.2772865
0002944.jpg,553.1213,485.3263,607.1822,534.3771,110,0.74125457
0002944.jpg,553.03253,485.06766,607.3553,534.36066,27,0.13065842
0002536.jpg,517.98785,513.7563,579.9849,571.8954,110,0.78543913
0000263.jpg,298.87836,131.98839,331.07254,161.94858,22,0.68044335
0000263.jpg,299.12503,131.87943,330.8711,162.0622,1,0.32213068
0000263.jpg,689.2013,110.225174,726.2901,144.64877,28,0.2832383
0000263.jpg,689.2013,110.225174,726.2901,144.64877,1,0.13174713
0003648.jpg,636.4395,475.98212,688.9094,523.7625,110,0.99429107
0003648.jpg,637.43915,474.67218,687.5832,522.6903,40,0.10891804
0009877.jpg,181.62761,0.0,246.51768,70.06783,22,0.6866434
0009877.jpg,180.43544,3.129987,247.88264,65.30879,1,0.47978133
0009877.jpg,180.46777,2.6070857,247.40854,64.91328,28,0.18235523
0003229.jpg,550.58057,489.82907,605.5721,539.3705,110,0.9889058
0004554.jpg,891.1118,178.51337,923.50977,211.33165,75,0.9996
0004554.jpg,891.9934,210.54028,923.19464,240.65628,96,0.9974611
0004554.jpg,891.262,198.95125,923.53845,231.07475,96,0.4587085
0004554.jpg,891.262,198.95125,923.53845,231.07475,75,0.4004196
0007020.jpg,352.73322,0.069181964,395.65082,44.06171,75,0.5737071
0007020.jpg,352.4898,0.29810685,395.26517,45.107437,84,0.5038534
0003699.jpg,636.5562,476.5732,688.8547,524.0349,110,0.99973613
0003699.jpg,635.9898,476.4192,688.9362,524.26794,27,0.33745593
0003407.jpg,672.8245,459.94983,720.2677,503.7564,110,0.99498343
0003407.jpg,788.037,16.412354,813.328,43.09789,62,0.900999
0002992.jpg,553.21014,485.73965,607.2321,534.07007,110,0.7801291
0002992.jpg,553.14197,485.55536,607.4237,534.04205,27,0.24021484
0013293.jpg,111.4398,392.44452,155.48903,442.33282,64,0.12907167
0002626.jpg,515.73816,516.9656,578.5145,575.81213,110,0.10432738
0003066.jpg,553.18555,485.95023,607.09106,534.3104,110,0.78798354
0003710.jpg,636.73145,476.586,688.9273,524.3997,110,0.9995309
0003710.jpg,636.2285,476.4243,688.95404,524.5844,27,0.22755392
0012402.jpg,881.8626,159.46996,924.6951,202.01573,75,0.9303524
0012402.jpg,882.04755,159.29044,924.48096,201.94885,80,0.7645789
0002531.jpg,531.8918,499.73584,590.77136,556.6439,110,0.73706514
0002531.jpg,531.58606,499.58676,590.7086,556.7553,78,0.27653292
0002943.jpg,553.21204,485.3977,607.3214,534.3493,110,0.783099
0002943.jpg,553.06464,485.17303,607.48944,534.32117,27,0.13692819
0010736.jpg,1027.5323,188.89043,1067.0062,224.68083,75,0.9999734
0010736.jpg,1027.5585,189.1244,1067.2802,224.6871,85,0.11403242
0003371.jpg,789.95,25.358786,815.3333,51.70485,62,0.83451533
0003193.jpg,553.35565,486.01358,607.1948,534.16064,110,0.8524681
0003193.jpg,553.3208,485.6449,607.3835,534.19226,27,0.117790215
0003634.jpg,636.54675,476.4253,688.63696,523.742,110,0.9952781
0002867.jpg,554.85706,485.01028,607.90643,533.0813,110,0.9173854
0012147.jpg,966.0575,146.02502,1003.484,182.71404,78,0.9999709
0013707.jpg,169.84232,288.94614,207.45721,324.72815,64,0.16609614
0001500.jpg,545.3748,73.50619,577.2166,107.70938,62,0.99992836
0003523.jpg,636.1871,476.22772,688.73926,523.97955,110,0.99861026
0003142.jpg,553.1745,486.07828,607.1267,534.3876,110,0.94163
0003142.jpg,553.01605,486.29083,607.1037,534.5823,27,0.14062893
0006325.jpg,340.74615,110.86402,368.46024,138.86395,84,0.20810239
0003809.jpg,637.29224,476.43372,689.5169,524.09247,110,0.99832755
0003809.jpg,636.8497,476.2966,689.4476,524.253,27,0.34346226
0003809.jpg,638.0753,475.5128,688.63727,523.162,40,0.106158845
0009982.jpg,436.0427,150.78806,470.25104,182.37756,83,0.99877673
0012769.jpg,1093.1216,177.747,1129.5985,210.6343,78,0.9545707
0009140.jpg,83.02198,183.62349,123.672585,228.37932,16,0.9289312
0009140.jpg,83.29296,183.6113,123.483696,229.05917,79,0.71110016
0000218.jpg,66.71746,176.81976,96.51353,206.00795,28,0.18965264
0007213.jpg,1230.2471,155.6223,1274.5736,199.36823,78,0.9893456
0007213.jpg,1230.0205,155.6371,1274.4012,199.38762,96,0.85980123
0006453.jpg,513.08026,172.60866,538.9931,199.28813,85,0.24301316
0006453.jpg,603.8392,168.97159,630.40936,194.95999,62,0.16005361
0007015.jpg,463.33093,90.75929,492.832,120.68941,84,0.9767418
0008167.jpg,423.28458,0.0,460.80377,36.0001,84,0.37359646
0008167.jpg,426.5752,34.57442,463.95358,71.69504,72,0.1009878
0004561.jpg,999.4419,182.62048,1050.3174,232.86632,96,0.99999833
0004561.jpg,997.0294,131.39526,1047.2649,180.23161,75,0.998302
0004561.jpg,997.56195,131.07288,1047.3008,180.04582,95,0.10916175
0005825.jpg,615.797,178.11284,643.653,206.30496,40,0.9787982
0009430.jpg,1194.6,172.94925,1253.5366,228.16718,96,0.9999291
0009430.jpg,1194.5021,172.9624,1253.2346,228.53761,78,0.79075545
0000768.jpg,21.767355,116.869064,145.07639,235.45776,60,0.5758961
0000768.jpg,72.66635,261.33725,145.55429,346.4089,116,0.17215717
0002504.jpg,584.0924,454.30606,629.40015,495.59592,27,0.62929904
0002504.jpg,583.9628,454.21393,628.9272,495.5308,110,0.5886396
0002504.jpg,584.37616,454.69836,629.66064,495.4825,78,0.1233384
0002976.jpg,553.23157,485.56308,606.9495,534.3017,110,0.908322
0002976.jpg,553.27075,485.88486,607.0593,534.36365,27,0.20828445
0003344.jpg,792.284,64.97203,817.4675,90.85912,62,0.69218236
0000251.jpg,416.29785,147.64449,447.4191,178.7398,28,0.99340445
0000251.jpg,415.7903,147.70563,447.25317,178.87569,62,0.21303427
0000251.jpg,64.74704,155.18944,93.80174,182.14232,53,0.16076104
0003082.jpg,553.379,485.99374,607.45233,534.201,110,0.8722099
0003082.jpg,553.32227,485.66083,607.6083,534.1751,27,0.15192482
0003725.jpg,636.537,476.76892,688.95764,524.3071,110,0.998955
0003725.jpg,636.0917,476.57877,689.0764,524.5504,27,0.14602041
0010362.jpg,1037.4006,185.80336,1065.6864,212.16945,62,0.45005193
0000197.jpg,77.66956,176.28282,106.926285,204.58174,28,0.19525084
0012390.jpg,839.1533,181.5556,872.87946,216.0514,75,0.9993299
0012390.jpg,839.4838,181.74939,873.087,216.12157,80,0.15272924
0003053.jpg,553.28485,485.67685,607.0466,534.33215,110,0.84116423
0000280.jpg,479.64264,74.2406,518.7999,110.27408,22,0.96108145
0003432.jpg,788.148,16.377077,813.43555,43.118668,62,0.9376966
0003432.jpg,675.69147,450.5739,720.9484,491.96912,110,0.63868195
0003840.jpg,641.4782,478.39557,693.1469,526.4114,110,0.95801586
0003840.jpg,641.18134,478.07706,693.3623,526.4363,27,0.16603479
0003395.jpg,673.6382,455.20084,720.539,497.6114,110,0.8513371
0003395.jpg,788.24585,16.472422,813.3047,43.237293,62,0.8347469
0002737.jpg,525.58563,515.83026,588.3635,576.1236,40,0.22450633
0003177.jpg,553.12695,485.9665,607.2335,534.4016,110,0.9292063
0005888.jpg,212.21408,11.850588,296.7593,88.283424,40,0.9999577
0000403.jpg,968.6588,416.3478,998.34485,443.86688,96,0.8084807
0003516.jpg,636.30347,476.57214,688.7443,524.372,110,0.9987527
0006248.jpg,763.105,52.93532,793.56244,84.4721,62,0.9999603
0006248.jpg,286.87805,19.455416,329.2963,64.099144,22,0.8693153
0006248.jpg,286.72577,19.584698,329.06485,63.884262,1,0.14658965
0002883.jpg,552.7894,486.24417,607.19965,535.0598,110,0.86975765
0002883.jpg,552.86176,485.99557,607.47327,534.9737,27,0.23131564
0002852.jpg,554.432,486.5099,607.8708,534.563,110,0.6645758
0003260.jpg,554.1668,482.695,605.70294,529.99646,110,0.19676621
0000375.jpg,132.9728,87.21176,191.48277,131.1672,53,0.1099862
0005859.jpg,469.4778,121.05009,520.7802,166.98355,40,1.0
0003601.jpg,636.2378,476.31802,688.4153,524.05164,110,0.9967199
0005901.jpg,157.44336,0.0,249.01074,77.846504,40,0.9323736
0005901.jpg,154.09933,0.19894671,249.74153,77.772064,116,0.19161522
0002578.jpg,515.87915,518.1652,578.6655,576.92804,110,0.22539803
0006466.jpg,11.790131,0.0,66.58825,46.76119,84,0.7969473
0006466.jpg,179.76099,0.0,219.31276,32.13842,64,0.4198958
0006466.jpg,181.39786,0.0,215.94696,33.746376,28,0.13365082
0003759.jpg,637.1162,476.48517,689.2103,523.98303,110,0.998845
0003759.jpg,636.55444,476.3244,689.0894,524.2002,27,0.12910616
0010468.jpg,528.2348,165.27025,554.70233,190.7429,1,0.22006656
0003788.jpg,636.87103,476.70508,689.0563,524.21246,110,0.99907684
0003788.jpg,636.46783,476.5638,689.1051,524.42,27,0.30005747
0003170.jpg,553.16034,485.68884,607.1707,534.1947,110,0.92239165
0006189.jpg,856.15814,75.400314,895.54913,114.37527,62,0.9992167
0006189.jpg,248.57744,100.827354,287.7647,140.29424,62,0.99235266
0006189.jpg,249.0579,101.03791,288.10678,140.04088,64,0.21757698
0002730.jpg,494.34137,549.60614,564.874,616.55133,14,0.47931862
0010290.jpg,1089.0751,116.882545,1139.2673,160.65796,80,0.99772936
0010290.jpg,1089.1344,116.24105,1139.5208,160.49648,83,0.3659375
0010290.jpg,1088.8387,115.47288,1139.4275,160.58115,62,0.17331669
0000404.jpg,986.7507,421.66232,1019.9819,452.3219,16,0.43407425
0002884.jpg,552.8481,486.28204,607.302,535.1335,110,0.8664475
0002884.jpg,552.8965,486.02957,607.56494,535.03784,27,0.17553002
0003511.jpg,636.3317,476.709,688.4965,524.3598,110,0.9963882
0003267.jpg,575.8623,447.4752,621.379,488.10352,55,0.5383264
0002855.jpg,554.808,483.9877,608.0007,532.46027,110,0.96775746
0003606.jpg,636.26514,476.71835,688.32025,523.9052,110,0.9986971
0004493.jpg,82.38945,243.86714,106.48277,270.43674,105,0.6958034
0003498.jpg,621.96625,469.25482,671.6275,514.62775,110,0.9961635
0006461.jpg,678.3444,64.14932,721.5148,105.17183,83,0.99988866
0006461.jpg,533.4602,73.59577,578.9567,114.27775,83,0.9997806
0006461.jpg,251.81749,85.232635,291.9302,124.407234,84,0.9988134
0006461.jpg,394.31976,79.950676,436.23386,118.454796,84,0.99779
0006461.jpg,387.4516,34.18266,418.7637,64.97856,1,0.8789507
0006461.jpg,243.78934,42.319897,276.29944,74.37006,1,0.7438628
0006461.jpg,363.2827,89.213745,390.4791,115.39758,62,0.5188964
0006461.jpg,387.53958,34.02428,419.0094,65.2252,3,0.50509304
0006461.jpg,243.79474,42.32187,276.50406,74.29013,3,0.17303315
0006461.jpg,244.04193,42.52091,276.3405,74.578094,2,0.137955
0006461.jpg,678.5943,63.821945,721.2273,105.00525,3,0.11134969
0006461.jpg,387.3281,34.241585,418.9008,64.70798,8,0.100734495
0003028.jpg,552.9249,485.83542,607.07404,534.78357,110,0.7418517
0003028.jpg,553.08344,485.5524,607.34674,534.7144,27,0.19615918
0007012.jpg,508.89862,109.58718,534.1376,136.7731,75,0.22917795
0004566.jpg,1276.2542,71.26979,1333.0,155.68954,27,0.74138343
0004566.jpg,1267.7814,74.94142,1333.0,156.50574,4,0.15885548
0008277.jpg,628.4409,46.237404,664.18634,83.58873,16,0.999969
0005822.jpg,616.01935,183.4277,644.13043,210.22899,40,0.87986505
0009437.jpg,1106.0798,199.93628,1131.2632,224.33066,110,0.2208938
0002971.jpg,553.2182,485.62344,607.1184,534.298,110,0.85490185
0002971.jpg,553.4691,485.2809,607.2897,534.2069,27,0.11896453
0002503.jpg,584.8808,454.62924,630.4629,496.76392,27,0.70083266
0002503.jpg,584.8434,454.50058,630.0395,496.70248,110,0.66907406
0002503.jpg,585.09875,454.57376,630.75525,496.61432,78,0.14829408
0000256.jpg,502.30655,139.47758,535.64484,171.15903,53,0.4959738
0000256.jpg,142.0041,148.12122,174.36383,177.69801,1,0.45698866
0000256.jpg,141.81233,148.03526,174.3937,177.76132,28,0.4430339
0000256.jpg,502.30847,139.56984,535.7179,171.03822,28,0.17218415
0010365.jpg,1084.2161,175.5662,1115.8608,203.67549,83,0.17308661
0010365.jpg,1084.0767,174.79099,1115.7859,203.42482,80,0.116051115
0003722.jpg,636.7914,476.80695,688.79395,524.10364,110,0.9989103
0003722.jpg,636.27905,476.63855,688.80194,524.3179,27,0.19916286
0003722.jpg,637.7607,475.91254,687.97925,523.1375,40,0.10107399
0003085.jpg,553.3344,485.87155,607.1557,533.7875,110,0.8049363
0003085.jpg,553.1576,486.06952,607.11755,533.9635,27,0.18368758
0012397.jpg,864.43445,169.79758,902.253,208.25989,80,0.9665542
0000190.jpg,79.02481,172.9946,110.348755,203.09563,56,0.21739247
0012430.jpg,1152.1893,0.0,1260.1731,97.926186,72,0.21972974
0012430.jpg,1151.1271,0.0,1256.4014,100.86815,83,0.1797723
0012430.jpg,1150.1415,0.0,1260.5536,98.11344,70,0.10299944
0013270.jpg,155.9232,408.76123,192.54387,447.1952,64,0.13132508
0013270.jpg,152.7031,389.10724,191.20337,433.62848,109,0.11054233
0011986.jpg,820.2606,324.19156,853.8856,356.20462,64,0.5923902
0003054.jpg,553.52277,485.8309,607.1847,534.2226,110,0.9228859
0000520.jpg,281.77222,283.36597,315.4705,319.68356,64,0.15088809
0008459.jpg,483.3714,143.73566,508.5217,169.6401,62,0.17856617
0011632.jpg,742.3311,320.08215,772.2145,355.26263,64,0.1111927
0003392.jpg,675.5953,452.03915,721.3484,493.46518,110,0.9775343
0003392.jpg,788.2173,16.393879,813.24756,42.96402,62,0.91828954
0003847.jpg,651.1436,479.21155,702.1765,526.25073,110,0.6011711
0003847.jpg,650.51764,479.1203,702.53723,526.2005,27,0.10865917
0003435.jpg,676.7816,443.27673,721.6931,483.69345,110,0.9400692
0003435.jpg,787.88556,16.23828,813.1619,42.94299,62,0.8940224
0006187.jpg,841.17426,99.3791,874.95294,132.7741,62,0.9999753
0006187.jpg,293.33838,121.40691,327.34546,155.91908,62,0.9982956
0006187.jpg,293.97418,121.311646,327.4534,155.9877,64,0.15371737
0006241.jpg,386.81546,111.88245,418.42065,145.304,1,0.945664
0006241.jpg,386.6981,112.04974,418.29062,145.19049,64,0.17662787
0008573.jpg,1016.2653,204.62343,1040.0956,268.9857,105,0.99605846
0005881.jpg,260.18808,29.253817,339.46933,101.16034,40,0.9999882
0009445.jpg,1212.2123,187.39522,1250.5729,222.88576,72,0.99882084
0005850.jpg,522.6441,149.36444,564.87494,187.29195,40,0.9999347
0005850.jpg,523.03735,149.3442,565.48816,186.83112,32,0.156275
0004262.jpg,660.87756,58.310802,693.03754,92.72858,62,0.99970466
0003608.jpg,636.47076,476.26797,688.6668,523.736,110,0.99740475
0002903.jpg,552.7598,485.65567,607.28033,534.7676,110,0.7824116
0002903.jpg,552.9493,485.41193,607.4903,534.6941,27,0.10695073
0002571.jpg,515.92285,517.7278,578.9643,576.832,110,0.22935802
0003496.jpg,617.8443,468.42773,668.08826,514.2733,110,0.9681401
0012784.jpg,644.0584,318.73224,677.092,348.9153,5,0.73767173
0000224.jpg,86.70408,179.5488,116.869736,207.78996,1,0.43357643
0000224.jpg,86.61822,179.37842,116.85556,207.87212,53,0.38578957
0003750.jpg,636.7561,476.61374,689.1345,523.98694,110,0.99963117
0003750.jpg,636.22906,476.50418,689.17084,524.2048,27,0.1995004
0003026.jpg,553.202,485.68118,607.2139,534.33307,110,0.76240194
0003026.jpg,553.1826,485.30643,607.43445,534.3313,27,0.1394838
0003781.jpg,636.6053,476.609,688.80035,524.28485,110,0.9988945
0003781.jpg,636.2123,476.46362,688.85706,524.4943,27,0.13801014
0003781.jpg,637.5798,475.7285,688.00854,523.31555,40,0.13159804
0003835.jpg,637.7209,477.30975,690.02155,525.1573,110,0.9832759
0003835.jpg,637.37286,477.16446,689.945,525.1379,27,0.36476752
0003447.jpg,787.70856,16.310423,812.8711,43.10955,62,0.87051904
0002742.jpg,567.83746,474.59317,620.3217,523.7585,110,0.99435896
0002742.jpg,567.8449,474.3702,620.5786,523.8651,27,0.12821534
0003102.jpg,552.7285,485.49725,606.76965,534.26764,110,0.8142558
0003102.jpg,552.97833,485.1976,607.11804,534.1824,27,0.23982301
0003563.jpg,636.11414,476.44537,688.5084,524.10693,110,0.9952187
0010652.jpg,1268.0807,134.28703,1332.1655,194.50125,96,0.97874135
0010652.jpg,1268.096,134.16432,1332.2336,194.61185,78,0.79253733
0010652.jpg,1268.1207,134.34174,1332.6837,194.61902,27,0.20561628
0003215.jpg,552.5921,486.72504,606.71735,535.27026,110,0.7739524
0003215.jpg,552.74915,486.41434,607.0583,535.101,27,0.19144753
0009439.jpg,1133.2142,195.02505,1161.0565,221.65009,72,0.58253324
0009439.jpg,1133.0906,195.23026,1161.1165,221.50294,108,0.20216763
0008279.jpg,608.787,9.158427,650.5156,50.333153,16,0.9999945
0003674.jpg,636.4255,475.91736,688.8307,523.8262,110,0.99696416
0003674.jpg,637.4062,474.9115,687.54974,522.7723,40,0.10412262
0000761.jpg,166.88515,252.22838,226.2193,327.52048,64,0.19565673
0000761.jpg,129.77559,127.032715,226.06314,237.09933,108,0.14045292
0000761.jpg,167.92944,254.0368,223.87842,322.89447,116,0.11639404
0009913.jpg,399.61002,128.2526,429.60046,156.9085,22,0.8338534
0009913.jpg,399.57092,127.959145,429.74695,156.96199,3,0.31543377
0000258.jpg,546.58167,131.09566,579.9826,162.65779,28,0.6130092
0000258.jpg,180.71426,143.78317,211.65036,174.07022,28,0.34071973
0000258.jpg,546.59937,131.19835,580.1807,162.53416,1,0.33358625
0012399.jpg,869.9472,166.2371,910.6924,206.69536,80,0.77200586
0012399.jpg,869.9472,166.2371,910.6924,206.69536,75,0.114482224
0003849.jpg,654.6204,475.65408,705.9011,523.2338,110,0.9561028
0003849.jpg,654.18604,475.43985,705.9141,523.3712,27,0.107312866
0001650.jpg,1162.8369,317.7705,1197.749,355.82245,116,0.9965624
0003105.jpg,553.16754,485.76346,607.19745,534.0886,110,0.8643213
0003105.jpg,552.97186,485.96933,607.18243,534.3073,27,0.146866
0003105.jpg,552.8467,485.87515,607.25916,534.1198,78,0.11012493
0002745.jpg,595.94446,449.3115,639.01416,488.94324,55,0.10007371
0003564.jpg,636.045,476.45557,688.42834,524.3564,110,0.9983311
0003212.jpg,552.7237,485.44138,606.6586,534.3829,110,0.8565011
0003212.jpg,552.8039,485.75522,606.8061,534.4414,27,0.17866714
0003673.jpg,636.1839,476.47314,688.6185,524.219,110,0.99894387
0000766.jpg,63.424545,109.20096,176.8302,234.81749,116,0.4762514
0000766.jpg,61.77266,115.92897,183.47955,231.30893,108,0.27722374
0000766.jpg,58.588097,109.926605,174.86887,229.3204,60,0.20014316
0000766.jpg,104.5444,249.4153,173.87138,331.60663,116,0.106817886
0009914.jpg,372.9012,121.22508,404.85245,151.8875,22,0.99589217
0009914.jpg,372.73984,120.87417,404.63974,151.83502,3,0.70328635
0002978.jpg,553.2414,485.8254,606.96136,534.5397,110,0.83885527
0002978.jpg,553.3114,486.1554,607.0866,534.63153,27,0.3764318
0000199.jpg,75.77231,175.68239,104.96707,204.00314,28,0.77071196
0000199.jpg,76.01975,175.91658,105.40666,203.89578,1,0.28695056
0013279.jpg,152.00558,405.15894,189.57968,447.61444,64,0.107667945
0008747.jpg,302.20416,93.053925,327.6001,121.15197,75,0.23586185
0009671.jpg,1228.1974,199.10352,1286.5786,250.66345,75,0.994144
0009671.jpg,1234.9579,139.46207,1295.297,193.10956,80,0.93742305
0009671.jpg,1235.0963,139.1004,1295.3002,193.18782,101,0.6081195
0009671.jpg,1233.6802,139.77197,1293.5918,194.64485,94,0.26876318
0009671.jpg,1228.1481,199.10548,1286.3561,250.61575,81,0.25266308
0009671.jpg,1229.0342,198.37321,1287.2544,250.33762,68,0.15901981
0009671.jpg,1235.3551,139.5876,1295.1157,193.17914,50,0.14153507
0009671.jpg,1234.9109,138.49939,1295.1455,193.61263,95,0.1126052
0009671.jpg,1235.3551,139.5876,1295.1157,193.17914,76,0.10044733
0012089.jpg,833.1538,319.64642,864.30634,349.2151,116,0.49370468
0006180.jpg,810.6009,145.628,836.5666,172.59816,62,0.89649236
0003179.jpg,553.08966,486.13855,607.20215,534.64154,110,0.9467542
0002739.jpg,540.2225,501.3627,600.514,557.2031,40,0.500247
0002739.jpg,540.08887,500.92514,600.7178,556.9693,110,0.1234348
0009755.jpg,268.06055,18.264387,301.82297,51.778194,64,0.1637519
0003518.jpg,636.3826,476.78577,688.1834,524.3619,110,0.99902594
0003518.jpg,635.5853,476.69894,688.5017,524.4911,27,0.12578695
0006246.jpg,752.53394,87.858376,778.9965,116.287285,62,0.9997311
0006246.jpg,324.90015,55.052734,364.03363,94.81589,22,0.9484323
0006246.jpg,324.8385,55.229156,363.79236,94.66213,1,0.31659898
0005886.jpg,224.32404,15.606501,307.43356,91.9246,40,0.98382264
0004265.jpg,644.3774,18.68332,683.6511,60.85251,62,0.9998683
0009442.jpg,1173.3235,194.33513,1205.1372,225.4349,72,0.99591225
0009442.jpg,1173.4022,194.36569,1205.1066,225.45128,109,0.12771216
0005857.jpg,481.28003,131.49539,529.28314,174.50923,40,0.9999994
0003491.jpg,603.8527,468.09912,654.8309,513.9261,110,0.9906273
0002576.jpg,515.73376,518.05835,579.0454,577.1679,110,0.24379022
0002904.jpg,552.87726,485.34796,607.23346,534.3394,110,0.6382089
0002904.jpg,553.0164,485.20224,607.38965,534.30194,27,0.17296468
0013664.jpg,228.91977,288.00195,263.11517,320.52936,64,0.21567401
0012783.jpg,558.8812,319.9224,593.6767,350.999,6,0.20865934
0012783.jpg,605.0482,321.04834,637.48706,350.84686,5,0.101418234
0000223.jpg,78.75664,179.09654,110.06645,209.01772,28,0.59951174
0000223.jpg,78.75664,179.09654,110.06645,209.01772,1,0.41342235
0003757.jpg,636.8415,477.0813,689.00214,524.1531,110,0.9994999
0003757.jpg,635.825,477.08633,689.3536,524.28217,27,0.17485592
0003786.jpg,636.70917,476.43906,689.00854,524.0462,110,0.9989901
0003786.jpg,636.28577,476.27667,689.087,524.255,27,0.12870093
0003021.jpg,552.78564,485.8973,606.9724,535.01843,110,0.77654725
0003021.jpg,552.9904,485.6128,607.2631,534.89636,27,0.13420194
0010466.jpg,545.7908,171.0334,571.2104,195.85356,1,0.22162895
0002661.jpg,612.4342,424.46097,651.426,459.7493,55,0.1929399
0012752.jpg,906.02136,218.64212,931.3025,243.94617,78,0.4942067
0003440.jpg,788.0659,17.831837,813.11365,44.149014,62,0.621467
0003440.jpg,681.3489,429.07108,722.43774,466.04773,110,0.39341417
0003832.jpg,637.49255,477.15576,689.48926,524.8343,110,0.99287695
0003832.jpg,637.1327,477.01562,689.43066,524.9082,27,0.53581065
0003832.jpg,638.32916,476.26617,688.6899,523.5581,40,0.14268358
0008762.jpg,178.38272,42.92244,211.33994,77.53101,84,0.5495221
0008762.jpg,178.51758,43.047604,211.17549,77.588264,85,0.21845661
